File HasMultipleEdges.so Loaded. Core Name: HasMultipleEdges
File ChromaticNumber_AtMost.so Loaded. Core Name: ChromaticNumber
File CliqueNumberSimpleGraphs_AtLeast.so Loaded. Core Name: CliqueNumberSimpleGraphs
File MaxDegree_AtLeast.so Loaded. Core Name: MaxDegree
CONJECTURE: (( not x and ( not y and  not z)) implies w)
path_width 4
1 - Variable: w    NAME: ChromaticNumber               ParameterType: UnsignedInt 3
2 - Variable: x    NAME: MaxDegree                     ParameterType: UnsignedInt 4
3 - Variable: y    NAME: CliqueNumberSimpleGraphs      ParameterType: UnsignedInt 2
4 - Variable: z    NAME: HasMultipleEdges              ParameterType: ParameterLess
core size: 4
Search Method: ParallelIsomorphismBreadthFirstSearch
 Premise is ACTIVATED
Iteration                ALLSTATES                NEWSTATES                Max WITNESSSET SIZE
1                        2                        1                        1,1,2,1
2                        3                        1                        2,1,4,1
3                        5                        2                        5,1,8,1
4                        8                        3                        14,1,15,1
5                        12                       4                        41,1,26,1
6                        18                       6                        41,1,26,1
7                        27                       9                        41,1,26,1
8                        41                       14                       41,1,26,1
9                        61                       20                       41,1,27,1
10                       91                       30                       41,1,29,1
11                       136                      45                       41,1,32,1
12                       202                      66                       41,1,32,1
13                       299                      97                       41,1,32,1
14                       441                      142                      41,1,32,1
15                       649                      208                      41,1,32,1
16                       945                      296                      41,1,32,1
17                       1351                     406                      41,1,32,1
18                       1900                     549                      41,1,32,1
19                       2668                     768                      41,1,32,1
20                       3672                     1004                     41,1,32,1
21                       4931                     1259                     41,1,32,1
22                       6503                     1572                     41,1,32,1
23                       8458                     1955                     41,1,32,1
24                       10784                    2326                     41,1,32,1
25                       13436                    2652                     41,1,32,1
26                       16454                    3018                     41,1,32,1
27                       19993                    3539                     41,1,32,1
28                       24152                    4159                     41,1,32,1
29                       28906                    4754                     41,1,32,1
30                       34388                    5482                     41,1,32,1
31                       41245                    6857                     41,1,32,1
32                       50114                    8869                     41,1,32,1
33                       60619                    10505                    41,1,32,1
34                       72918                    12299                    41,1,32,1
35                       88422                    15504                    41,1,32,1
36                       107819                   19397                    41,1,32,1
37                       129779                   21960                    41,1,32,1
38                       153694                   23915                    41,1,32,1
39                       181285                   27591                    41,1,32,1
40                       213429                   32144                    41,1,32,1
41                       246866                   33437                    41,1,32,1
42                       280069                   33203                    41,1,32,1
43                       315850                   35781                    41,1,32,1
44                       353933                   38083                    41,1,32,1
45                       389801                   35868                    41,1,32,1
46                       423688                   33887                    41,1,32,1
47                       458063                   34375                    41,1,32,1
48                       492386                   34323                    41,1,32,1
49                       524204                   31818                    41,1,32,1
50                       553644                   29440                    41,1,32,1
51                       583907                   30263                    41,1,32,1
52                       615077                   31170                    41,1,32,1
53                       644001                   28924                    41,1,32,1
54                       671808                   27807                    41,1,32,1
55                       702039                   30231                    41,1,32,1
56                       733590                   31551                    41,1,32,1
57                       762894                   29304                    41,1,32,1
58                       791805                   28911                    41,1,32,1
59                       823979                   32174                    41,1,32,1
60                       857090                   33111                    41,1,32,1
61                       887698                   30608                    41,1,32,1
62                       918178                   30480                    41,1,32,1
63                       952055                   33877                    41,1,32,1
64                       986635                   34580                    41,1,32,1
65                       1018375                  31740                    41,1,32,1
66                       1049896                  31521                    41,1,32,1
67                       1084495                  34599                    41,1,32,1
68                       1120202                  35707                    41,1,32,1
69                       1153604                  33402                    41,1,32,1
70                       1186685                  33081                    41,1,32,1
71                       1224808                  38123                    41,1,32,1
72                       1266334                  41526                    41,1,32,1
73                       1305296                  38962                    41,1,32,1
74                       1345923                  40627                    41,1,32,1
75                       1396092                  50169                    41,1,32,1
76                       1451030                  54938                    41,1,32,1
77                       1503183                  52153                    41,1,32,1
78                       1560019                  56836                    41,1,32,1
Conjecture: Not Satisfied
vertices:
1
2
3
4
5
6
7
8
9
10
11
12
13
14
15
16
17
18
19
20
21
22
Edges
1	1	4	
2	3	4	
3	2	3	
4	4	5	
5	3	6	
6	1	7	
7	7	6	
8	2	7	
9	7	5	
10	8	6	
11	1	8	
12	9	6	
13	9	10	
14	8	10	
15	10	5	
16	2	10	
17	8	12	
18	11	13	
19	13	12	
20	9	13	
21	12	5	
22	13	14	
23	9	15	
24	15	12	
25	16	11	
26	16	17	
27	16	14	
28	16	15	
29	18	14	
30	18	15	
31	19	14	
32	18	20	
33	11	20	
34	19	20	
35	17	20	
36	18	21	
37	22	11	
38	22	21	
39	22	19	
40	17	21	
